-0.32985 -1
0.433454 -0.999998
0.66765 -0.999998
0.944981 -0.999995
0.984483 -0.999984
0.990201 -0.999966
0.999164 -0.999835
0.999803 -0.998855
0.999945 -0.998494
0.999996 -0.995719
0.999997 -0.919298
1 -0.347223
1 0.586376
0.999999 0.884301
0.999998 0.93836
0.999996 0.986051
0.999954 0.999691
0.998748 0.999869
0.994642 0.999935
0.990576 0.999966
0.986374 0.999992
0.917269 0.999999
-0.507374 1
-0.851703 0.999999
-0.976824 0.999995
-0.994616 0.999931
-0.998496 0.999892
-0.999148 0.999329
-0.999621 0.998554
-0.99996 0.997523
-0.999974 0.996987
-0.999994 0.995272
-0.999998 0.87622
-0.999999 0.610513
-0.999999 -0.240933
-0.999999 -0.414571
-0.999999 -0.678209
-0.999998 -0.975494
-0.999959 -0.993633
-0.99992 -0.998147
-0.999814 -0.99862
-0.99961 -0.999191
-0.99938 -0.999714
-0.997072 -0.999974
-0.993413 -0.99999
-0.991645 -0.999991
-0.875793 -0.999998
